687737
690602
695568
697370
854760
926991
927567
948272
964610
972178
979135
984729
989579
993973
994193
999379
1009786
1013896
1014932
1015074
1015343
1015750
1016604
1017565
1017862
1033424
1034049
1034497
1035458
1036474
1037038
1037280
1040001
1043360
1047568
1049028
1049178
1049515
1049825
1050452
1052071
1053306
1055278
1057864
1062441
1085238
1087035
1089504
1092999
1096551
1110351
1111126
1111555
1112687
1122536
1124523
1125136
1125935
1132328
1136998
1139047
1140186
1141609
1143342
1147902
1149989
1150733
1170725
1175837
1178538
1197545
1200869
1210547
1214107
1214650
1216499
1217243
1221649
1223201
1232045
1233184
1235045
1235864
1237199
1237647
1238654
1243479
1244025
1245061
1249579
1250536
1252523
1252576
1254848
1257223
1257370
1257724
1258003
1258606
1259990
1260949
1261049
1261777
1261827
1263095
1263304
1264006
1264523
1264957
1266707
1270364
1270780
1270971
1270975
1271283
1271582
1278562
1279106
1279301
1279967
1282408
1283074
1283205
1285308
1285449
1285653
1285709
1287375
1291910
1292344
1292387
1293083
1293173
1295516
1297069
1297538
1297819
1298653
1299926
1300040
1301594
1301738
1302093
1302477
1303283
1303311
1304564
1304742
1305704
1306618
1307728
1308351
1308915
1310780
1311306
1311343
1311494
1311719
1311762
1311825
1311942
1312423
1312578
1313729
1314120
1314274
1314569
1315730
1316270
1316274
1316296
1316348
1317603
1319193
1320143
1320289
1322686
1323224
1323698
1324509
1325732
1326382
1328172
1329498
1330269
1331050
1332029
1334347
1334796
1336052
1337241
1338022
1338386
1338980
1340139
1341174
1341702
1342438
1342461
1343411
1344526
1345993
1346587
1348178
1348978
1350585
1352125