1013896
687737
1264006
697370
690602
1122536
1143342
1250536
1055278
1043360
1014932
1261777
1170725
1087035
1089504
1244025
1238654
1049515
1125935
1035458
1271283
1217243
1233184
994193
1279106
695568
926991
1111126
1009786
1049028
1125136
927567
1057864
1235864
1141609
1050452
1033424
1140186
1257724
1062441
1150733
1221649
1252576
1017862
1257223
1261049
1112687
1136998
1216499
1047568
1049825
1235045
1052071
1015343
1015074
1270364
948272
964610
1017565
1270975
972178
1266707
1285653
1279301
1270971
1149989
1285449
1237199
1285308
1287375
1282408
1292387